799893571
-1271155014
884886699
589367223
-301185730
-2028042559
947945772
-1042348761
-1389480868
-142367005
1095045913
-1266441477
-1602814415
-1562249577
2078319648
-1392593323
446386225
1682614430
-975286584
-58391282
-13122002
-1577785296
-1940802159
1506480142
1494255646
-691921545
-510107558
-1368281378
696680482
2036172096
973671427
-1838657413
-753177405
-846131217
-296365998
-1544424084
-290565250
127187892
-816824294
-2143865066
-307357822
-1011032581
845721
-1004474289
-1424475977
842993705
-749351646
81550128
1173749506
1846326148
1446107131
69384239
577410503
1916616818
1832993160
-1016343956
1317591983
-1569598235
1141732520
1406399818
1582295722
859747861
913112926
-67950783
-90596297
926857584
721582771
1114422770
968265186
658491598
-2065199909
-1462001797
-1977128434
1463219689
-1073518186
137413900
-1466205964
-1851928308
2040427737
48157370
911785451
-1631455479
-71636051
1803999378
-55434007
-1733621137
1741993813
-1383624463
1903461449
-708146180
-1020735818
-1458458606
1601926862
-538163632
2110179827
1400445160
-1440001561
1091911908
-1934259113
530844462
